[0.63178063 0.38950358]
[0.96541487 0.6166949 ]
[0.96541413 0.61669709]
[0.96541416 0.61669699]
[0.53759311 0.69036319]
[0.53516294 0.69652558]
[0.53759311 0.69036319]
[0.53516294 0.69652558]
[0.51828933 0.61330696]
[0.51163918 0.60161952]
[0.51828933 0.61330696]
[0.51163918 0.60161952]
[0.51828933 0.61330696]
[0.51163918 0.60161952]
[0.51828933 0.61330696]
[0.51163918 0.60161952]
[0.27214176 0.60444587]
[0.28630557 0.60116934]
[0.27214176 0.60444587]
[0.28630557 0.60116934]
[0.27214176 0.60444587]
[0.28630557 0.60116934]
[0.27214176 0.60444587]
[0.28630557 0.60116934]
[0.27367271 0.61324493]
[0.28797888 0.61082461]
[0.27367271 0.61324493]
[0.28797888 0.61082461]
[0.27214176 0.60444587]
[0.28630557 0.60116934]
[0.27214176 0.60444587]
[0.28630557 0.60116934]
[0.27214176 0.60444587]
[0.28630557 0.60116934]
[0.27214176 0.60444587]
[0.28630557 0.60116934]
[0.92777716 0.49977336]
[0.92777716 0.49977336]
[0.27367271 0.61324493]
[0.28797888 0.61082461]
[0.27367271 0.61324493]
[0.28797888 0.61082461]
[0.27654044 0.56924692]
[0.28222073 0.57069611]
[0.27654044 0.56924692]
[0.28222073 0.57069611]
[0.27367271 0.61324493]
[0.28797888 0.61082461]
[0.27367271 0.61324493]
[0.29795242 0.61398895]
[0.27214176 0.60444587]
[0.28630557 0.60116934]
[0.27214176 0.60444587]
[0.28630557 0.60116934]
[0.27214176 0.60444587]
[0.28630557 0.60116934]
[0.27214176 0.60444587]
[0.28630557 0.60116934]
[0.27214176 0.60444587]
[0.28630557 0.60116934]
[0.27214176 0.60444587]
[0.28630557 0.60116934]
[0.27476381 0.56374084]
[0.27987662 0.56523347]
[0.27476381 0.56374084]
[0.27987662 0.56523347]
[0.27214176 0.60444587]
[0.28630557 0.60116934]
[0.27214176 0.60444587]
[0.28630557 0.60116934]
[0.92777716 0.49977336]
[0.96395108 0.61303211]
[0.94956135 0.61177109]
[0.9599892  0.61082317]
[0.95627927 0.62191916]
[0.53759311 0.69036319]
[0.53516294 0.69652558]
[0.53759311 0.69036319]
[0.53516294 0.69652558]
[0.51828933 0.61330696]
[0.51163918 0.60161952]
[0.51828933 0.61330696]
[0.51163918 0.60161952]
[0.27214176 0.60444587]
[0.28630557 0.60116934]
[0.27214176 0.60444587]
[0.28630557 0.60116934]
[0.27476381 0.56374084]
[0.27987662 0.56523347]
[0.27476381 0.56374084]
[0.27987662 0.56523347]
[0.27214176 0.60444587]
[0.28630557 0.60116934]
[0.27214176 0.60444587]
[0.28630557 0.60116934]
[0.27476381 0.56374084]
[0.27987662 0.56523347]
[0.27476381 0.56374084]
[0.27987662 0.56523347]
[0.92777716 0.49977335]
[0.92777716 0.49977336]
[0.96541397 0.61669758]
[0.96541476 0.61669522]
[0.96541489 0.61669482]
[0.92226442 0.50145256]
[0.92226442 0.50145256]
[0.51828933 0.61330696]
[0.51163918 0.60161952]
[0.51828933 0.61330696]
[0.51163918 0.60161952]
[0.29071104 0.68771354]
[0.29364757 0.70270859]
[0.29071104 0.68771354]
[0.29364757 0.70270859]
[0.26904606 0.5978635 ]
[0.28301781 0.59430791]
[0.26904606 0.5978635 ]
[0.28301781 0.59430791]
[0.26904606 0.5978635 ]
[0.28301781 0.59430791]
[0.26904606 0.5978635 ]
[0.28301781 0.59430791]
[0.26904606 0.5978635 ]
[0.28301781 0.59430791]
[0.26904606 0.5978635 ]
[0.28301781 0.59430791]
[0.26904606 0.5978635 ]
[0.28301781 0.59430791]
[0.26904606 0.5978635 ]
[0.28301781 0.59430791]
[0.27109385 0.56003808]
[0.27500202 0.56122263]
[0.27109385 0.56003808]
[0.27500202 0.56122263]
[0.93773591 0.38202704]
[0.9377359  0.38202696]
[0.83202916 0.41192898]
[0.83202916 0.41192898]
[0.83202916 0.41192898]
[0.83202916 0.41192898]
[0.83202916 0.41192898]
[0.83202916 0.41192898]
[0.83202916 0.41192898]
[0.83202916 0.41192898]
[0.83202916 0.41192898]
[0.83202916 0.41192898]
[0.83202916 0.41192898]
[0.83202916 0.41192898]
[0.83202916 0.41192898]
[0.83202916 0.41192898]
[0.83202916 0.41192898]
[0.83202916 0.41192898]
[0.82522627 0.33692856]
[0.82153562 0.33458985]
[0.82153562 0.33458985]
[0.82153562 0.33458985]
[0.82153562 0.33458985]
[0.82153562 0.33458985]
[0.82153562 0.33458985]
[0.24447601 0.47856535]
[0.24789114 0.47219606]
[0.24965488 0.47532812]
[0.24789114 0.47219606]
[0.24965488 0.47532812]
[0.24789114 0.47219606]
[0.24965488 0.47532812]
[0.24789114 0.47219606]
[0.24965488 0.47532812]
[0.24789114 0.47219606]
[0.24789114 0.47219606]
[0.24789114 0.47219606]
[0.24789114 0.47219606]
[0.24789114 0.47219606]
[0.24789114 0.47219606]
[0.24789114 0.47219606]
[0.24789114 0.47219606]
[0.22317818 0.24339803]
[0.23358025 0.26270305]
[0.22317818 0.24339803]
[0.23358025 0.26270305]
[0.22317818 0.24339803]
[0.23358025 0.26270305]
[0.22317818 0.24339803]
[0.23358025 0.26270305]
[0.22317818 0.24339803]
[0.23358025 0.26270305]
[0.22317818 0.24339803]
[0.23358025 0.26270305]
[0.22317818 0.24339803]
[0.23358025 0.26270305]
[0.22317818 0.24339803]
[0.23358025 0.26270305]
[0.22317818 0.24339803]
[0.23358025 0.26270305]
[0.22317818 0.24339803]
[0.23358025 0.26270305]
[0.22317818 0.24339803]
[0.23358025 0.26270305]
[0.22317818 0.24339803]
[0.23358025 0.26270305]
[0.22317818 0.24339803]
[0.23358025 0.26270305]
[0.22317818 0.24339803]
[0.23358025 0.26270305]
[0.22317818 0.24339803]
[0.23358025 0.26270305]
[0.22317818 0.24339803]
[0.23358025 0.26270305]
[0.22317818 0.24339803]
[0.23358025 0.26270305]
[0.22317818 0.24339803]
[0.23358025 0.26270305]
[0.22317818 0.24339803]
[0.23358025 0.26270305]
[0.22317818 0.24339803]
[0.23358025 0.26270305]
[0.24789114 0.47219606]
[0.24789114 0.47219606]
[0.24789114 0.47219606]
[0.24789114 0.47219606]
[0.24789114 0.47219606]
[0.24789114 0.47219606]
[0.24789114 0.47219606]
[0.24789114 0.47219606]
[0.24789114 0.47219606]
[0.24789114 0.47219606]
[0.24789114 0.47219606]
[0.24789114 0.47219606]
[0.24789114 0.47219606]
[0.24789114 0.47219606]
[0.24789114 0.47219606]
[0.24789114 0.47219606]
[0.24789114 0.47219606]
[0.24789114 0.47219606]
[0.24789114 0.47219606]
[0.24789114 0.47219606]
[0.24789114 0.47219606]
[0.24789114 0.47219606]
[0.24789114 0.47219606]
[0.24789114 0.47219606]
[0.24789114 0.47219606]
[0.24789114 0.47219606]
[0.24789114 0.47219606]
[0.24789114 0.47219606]
[0.24789114 0.47219606]
[0.24789114 0.47219606]
[0.24789114 0.47219606]
[0.24789114 0.47219606]
[0.24789114 0.47219606]
[0.24789114 0.47219606]
[0.24789114 0.47219606]
[0.24789114 0.47219606]
[0.24789114 0.47219606]
[0.24789114 0.47219606]
[0.24789114 0.47219606]
[0.24789114 0.47219606]
[0.22317818 0.24339803]
[0.23358025 0.26270305]
[0.22317818 0.24339803]
[0.23358025 0.26270305]
[0.22317818 0.24339803]
[0.23358025 0.26270305]
[0.22317818 0.24339803]
[0.23358025 0.26270305]
[0.22317818 0.24339803]
[0.23358025 0.26270305]
[0.22317818 0.24339803]
[0.23358025 0.26270305]
[0.22317818 0.24339803]
[0.23358025 0.26270305]
[0.22317818 0.24339803]
[0.23358025 0.26270305]
[0.22317818 0.24339803]
[0.23358025 0.26270305]
[0.22317818 0.24339803]
[0.23358025 0.26270305]
[0.22317818 0.24339803]
[0.23358025 0.26270305]
[0.22317818 0.24339803]
[0.23358025 0.26270305]
[0.82522627 0.33692856]
[0.82522627 0.33692856]
[0.82522627 0.33692856]
[0.82522627 0.33692856]
[0.82522627 0.33692856]
[0.82522627 0.33692856]
[0.82522627 0.33692856]
[0.82522627 0.33692856]
[0.82522627 0.33692856]
[0.82522627 0.33692856]
[0.82522627 0.33692856]
[0.82522627 0.33692856]
[0.82522627 0.33692856]
[0.82522627 0.33692856]
[0.82522627 0.33692856]
[0.82522627 0.33692856]
[0.82522627 0.33692856]
[0.82522627 0.33692856]
[0.82522627 0.33692856]
[0.82522627 0.33692856]
[0.82522627 0.33692856]
[0.82522627 0.33692856]
[0.82522627 0.33692856]
[0.82522627 0.33692856]
[0.82522627 0.33692856]
[0.82522627 0.33692856]
[0.82522627 0.33692856]
[0.82522627 0.33692856]
[0.82522627 0.33692856]
[0.82522627 0.33692856]
[0.82522627 0.33692856]
[0.82522627 0.33692856]
[0.68778535 0.12915605]
[0.6900828  0.15443163]
[0.68778535 0.12915605]
[0.6900828  0.15443163]
[0.68778535 0.12915605]
[0.6900828  0.15443163]
[0.68778535 0.12915605]
[0.6900828  0.15443163]
[0.68778535 0.12915605]
[0.6900828  0.15443163]
[0.68778535 0.12915605]
[0.6900828  0.15443163]
[0.68778535 0.12915605]
[0.6900828  0.15443163]
[0.68778535 0.12915605]
[0.6900828  0.15443163]
[0.68778535 0.12915605]
[0.6900828  0.15443163]
[0.68778535 0.12915605]
[0.6900828  0.15443163]
[0.68778535 0.12915605]
[0.6900828  0.15443163]
[0.68778535 0.12915605]
[0.6900828  0.15443163]
[0.68778535 0.12915605]
[0.6900828  0.15443163]
[0.68778535 0.12915605]
[0.6900828  0.15443163]
[0.68778535 0.12915605]
[0.6900828  0.15443163]
[0.68778535 0.12915605]
[0.6900828  0.15443163]
[0.22317818 0.24339803]
[0.23358025 0.26270305]
[0.22317818 0.24339803]
[0.23358025 0.26270305]
[0.22317818 0.24339803]
[0.23358025 0.26270305]
[0.22317818 0.24339803]
[0.23358025 0.26270305]
[0.22317818 0.24339803]
[0.23358025 0.26270305]
[0.22317818 0.24339803]
[0.23358025 0.26270305]
[0.22317818 0.24339803]
[0.23358025 0.26270305]
[0.22317818 0.24339803]
[0.23358025 0.26270305]
[0.22317818 0.24339803]
[0.23358025 0.26270305]
[0.22317818 0.24339803]
[0.23358025 0.26270305]
[0.22317818 0.24339803]
[0.23358025 0.26270305]
[0.22317818 0.24339803]
[0.23358025 0.26270305]
[0.90314227 0.4393642 ]
[0.88394393 0.41214068]
[0.90314227 0.4393642 ]
[0.88394393 0.41214068]
[0.90314227 0.4393642 ]
[0.88394393 0.41214068]
[0.90314227 0.4393642 ]
[0.88394393 0.41214068]
[0.77612209 0.28239181]
[0.77963009 0.29396752]
[0.77612209 0.28239181]
[0.77963009 0.29396752]
[0.77612209 0.28239181]
[0.77963009 0.29396752]
[0.77612209 0.28239181]
[0.81709967 0.08355205]
[0.84401274 0.10861655]
[0.81708161 0.08353351]
[1.         0.20862453]
[0.48587026 0.21744025]
[0.49733234 0.18128229]
[0.48587026 0.21744025]
[0.49733234 0.18128229]
[0.59000529 0.58902596]
[0.57391119 0.3819898 ]
[0.55361768 0.33065641]
[0.71013171 0.28866765]
[0.38895646 0.29020136]
[0.37770678 0.32326949]
[0.38895646 0.29020136]
[0.37770678 0.32326949]
[0.38895646 0.29020136]
[0.37770678 0.32326949]
[0.38895646 0.29020136]
[0.16994155 0.74208849]
[0.58459404 0.4160254 ]
[0.57882267 0.35049651]
[0.58459404 0.4160254 ]
[0.57882267 0.35049651]
[0.58459404 0.4160254 ]
[0.57882267 0.35049651]
[0.58459404 0.4160254 ]
[0.54247147 0.34908281]
[0.37363258 0.28863665]
[0.37464249 0.31893723]
[0.37363258 0.28863665]
[0.37464249 0.31893723]
[0.37363258 0.28863665]
[0.37464249 0.31893723]
[0.37363258 0.28863665]
[0.79238427 0.42545947]
[0.437831   0.39926167]
[0.50390148 0.4798281 ]
[0.437831   0.39926167]
[0.50390148 0.4798281 ]
[0.62649592 0.91410018]
[0.62649592 0.91410018]
[0.397268   0.43874067]
[0.39668576 0.39826707]
[0.397268   0.43874067]
[0.39668576 0.39826707]
[0.397268   0.43874067]
[0.39668576 0.39826707]
[0.397268   0.43874067]
[0.38807907 0.39079788]
[0.437831   0.39926167]
[0.50390148 0.4798281 ]
[0.437831   0.39926167]
[0.50390148 0.4798281 ]
[0.437831   0.39926167]
[0.50390148 0.4798281 ]
[0.437831   0.39926167]
[0.88723966 0.47617233]
[0.35623637 0.25357426]
[0.35340191 0.26327285]
[0.35623637 0.25357426]
[0.35340191 0.26327285]
[0.35623637 0.25357426]
[0.35340191 0.26327285]
[0.37118652 0.0914142 ]
[0.76601526 0.83324175]
[0.48327041 0.20292108]
[0.49208777 0.20425396]
[0.48327041 0.20292108]
[0.75639766 0.23430288]
[0.37879402 0.20437162]
[0.43396386 0.22024902]
[0.37879402 0.20437162]
[0.86669865 0.70227678]
[0.397268   0.43874067]
[0.39668576 0.39826707]
[0.397268   0.43874067]
[0.39668576 0.39826707]
[0.397268   0.43874067]
[0.39668576 0.39826707]
[0.397268   0.43874067]
[0.38807907 0.39079788]
[0.43694234 0.39656869]
[0.50158279 0.25570975]
[0.43694234 0.39656869]
[0.50158279 0.25570975]
[0.43694234 0.39656869]
[0.50158279 0.25570975]
[0.43694234 0.39656869]
[0.62528474 0.05687486]
[0.37363258 0.28863665]
[0.37464249 0.31893723]
[0.37363258 0.28863665]
[0.37464249 0.31893723]
[0.37363258 0.28863665]
[0.37464249 0.31893723]
[0.4417322  0.30608278]
[0.42801573 0.32159237]
[0.37522241 0.19159253]
[0.41083824 0.12828391]
[0.37522241 0.19159253]
[0.41083824 0.12828391]
[0.31754212 0.79206085]
[0.40854716 0.82731316]
[0.39472362 0.08602698]
[0.43499503 0.06685689]
[0.37522241 0.19159253]
[0.41083824 0.12828391]
[0.37522241 0.19159253]
[0.41083824 0.12828391]
[0.22376565 0.19362439]
[0.65011067 0.24600982]
[0.22376565 0.19362439]
[0.75639766 0.23430288]
[0.59325917 0.48112781]
[0.59580736 0.58790966]
[0.59325917 0.48112781]
[0.59580736 0.58790966]
[0.59539441 0.73421131]
[0.59539441 0.73421131]
[0.96635959 0.62855704]
[0.43405197 0.69580299]
[0.42510837 0.6912846 ]
[0.43405197 0.69580299]
[0.36973757 0.39430061]
[0.34694393 0.41632008]
[0.36973757 0.39430061]
[0.34694393 0.41632008]
[0.35266858 0.29470768]
[0.2865762  0.24952148]
[0.35266858 0.29470768]
[0.87137199 0.7700597 ]
[0.32585223 0.31469501]
[0.41993124 0.25055303]
[0.32585223 0.31469501]
[0.41993124 0.25055303]
[0.32585223 0.31469501]
[0.41993124 0.25055303]
[0.32585223 0.31469501]
[0.93692131 0.66492486]
[0.62649591 0.91410019]
[0.62649591 0.91410019]
[0.62649595 0.91410017]
[0.62649592 0.91410018]
[0.47069976 0.90948323]
[0.46647713 0.9105618 ]
[0.47069977 0.90948323]
[0.9445888  0.70330601]
[0.40389945 0.69874287]
[0.50407709 0.71591606]
[0.40389945 0.69874287]
[0.50407709 0.71591606]
[0.32982327 0.34187045]
[0.41766256 0.25737593]
[0.32982327 0.34187045]
[0.41766256 0.25737593]
[0.32982327 0.34187045]
[0.41766256 0.25737593]
[0.32982327 0.34187045]
[0.41766256 0.25737593]
[0.32982327 0.34187045]
[0.41766256 0.25737593]
[0.32982327 0.34187045]
[0.41766256 0.25737593]
[0.33017676 0.33924788]
[0.42978244 0.28642566]
[0.33017676 0.33924788]
[0.42978244 0.28642566]
[0.90314227 0.4393642 ]
[0.90314227 0.4393642 ]
[0.90314227 0.4393642 ]
[0.90314227 0.4393642 ]
[0.31857357 0.21137807]
[0.35895607 0.18236966]
[0.31857357 0.21137807]
[0.35895607 0.18236966]
[0.32873735 0.34294075]
[0.4146638  0.25856259]
[0.32873735 0.34294075]
[0.4146638  0.25856259]
[0.31301401 0.26295842]
[0.39318523 0.20518271]
[0.31301401 0.26295842]
[0.39318523 0.20518271]
[0.31301401 0.26295842]
[0.39318523 0.20518271]
[0.32873735 0.34294075]
[0.4146638  0.25856259]
[0.32982327 0.34187045]
[0.42677913 0.28973184]
[0.32982327 0.34187045]
[0.42677913 0.28973184]
[0.32873735 0.34294075]
[0.4146638  0.25856259]
[0.32873735 0.34294075]
[0.4146638  0.25856259]
[0.31301401 0.26295842]
[0.39318523 0.20518271]
[0.31301401 0.26295842]
[0.39318523 0.20518271]
[0.30960839 0.20091285]
[0.38013134 0.14550984]
[0.30960839 0.20091285]
[0.38013134 0.14550984]
[0.31782886 0.30186397]
[0.40168935 0.19781027]
[0.31782886 0.30186397]
[0.40168935 0.19781027]
[0.31782886 0.30186397]
[0.40168935 0.19781027]
[0.31782886 0.30186397]
[0.40168935 0.19781027]
[0.75146011 0.17583039]
[0.75146011 0.17583039]
[0.75146011 0.17583039]
[0.66326386 0.02176553]
[0.32488014 0.28333403]
[0.37354685 0.23846954]
[0.32488014 0.28333403]
[0.37354685 0.23846954]
[0.34177012 0.80323465]
[0.4231629  0.77640671]
[0.3514845  0.10419194]
[0.47385187 0.16026493]
[0.38976818 0.5015091 ]
[0.43156719 0.51155769]
[0.38976818 0.5015091 ]
[0.43156719 0.51155769]
[0.37483589 0.4697559 ]
[0.42022246 0.48439696]
[0.37483589 0.4697559 ]
[0.41725244 0.44364925]
[0.37483589 0.4697559 ]
[0.41725244 0.44364925]
[0.37483589 0.4697559 ]
[0.41725244 0.44364925]
[0.37483589 0.4697559 ]
[0.41725244 0.44364925]
[0.37483589 0.4697559 ]
[0.41725244 0.44364925]
[0.648046   0.09296028]
[0.648046   0.09296028]
[0.648046   0.09296028]
[0.64804627 0.09296042]
[0.648046   0.09296028]
[0.648046   0.09296028]
[0.55571032 0.03598987]
[0.66702996 0.02151355]
[0.35912852 0.71910019]
[0.54629947 0.32189335]
[0.35912852 0.71910019]
[0.46728198 0.77820851]
[0.38686564 0.69837362]
[0.46994003 0.70328641]
[0.38686564 0.69837362]
[0.46994003 0.70328641]
[0.38686564 0.69837362]
[0.46994003 0.70328641]
[0.38686564 0.69837362]
[0.46994003 0.70328641]
[0.38686564 0.69837362]
[0.46994003 0.70328641]
[0.38686564 0.69837362]
[0.46994003 0.70328641]
[0.37410146 0.60732404]
[0.46438973 0.55197361]
[0.37410146 0.60732404]
[0.46438973 0.55197361]
[0.37410146 0.60732404]
[0.46438973 0.55197361]
[0.37410146 0.60732404]
[0.46438973 0.55197361]
[0.37410146 0.60732404]
[0.46438973 0.55197361]
[0.37410146 0.60732404]
[0.45179386 0.61990012]
[0.38686564 0.69837362]
[0.46994003 0.70328641]
[0.38686564 0.69837362]
[0.46994003 0.70328641]
[0.38686564 0.69837362]
[0.46994003 0.70328641]
[0.38686564 0.69837362]
[0.46994003 0.70328641]
[0.37410146 0.60732404]
[0.46438973 0.55197361]
[0.37410146 0.60732404]
[0.46438973 0.55197361]
[0.81377607 0.27265152]
[0.78834793 0.22051741]
[0.81377607 0.27265152]
[0.78834793 0.22051741]
[0.81377607 0.27265152]
[0.78834793 0.22051741]
[0.81377607 0.27265152]
[0.78834793 0.22051741]
[0.48107864 0.2719361 ]
[0.41819533 0.29454603]
[0.32732794 0.36500892]
[0.41819533 0.29454603]
[0.32732794 0.36500892]
[0.41819533 0.29454603]
[0.32732794 0.36500892]
[0.41819533 0.29454603]
[0.32732794 0.36500892]
[0.41819533 0.29454603]
[0.32732794 0.36500892]
[0.41819533 0.29454603]
[0.32732794 0.36500892]
[0.41819533 0.29454603]
[0.31373214 0.3077819 ]
[0.40751559 0.23184396]
[0.31225344 0.30046146]
[0.40541717 0.2262546 ]
[0.31225344 0.30046146]
[0.40541717 0.2262546 ]
[0.31225344 0.30046146]
[0.40541717 0.2262546 ]
[0.31225344 0.30046146]
[0.40541717 0.2262546 ]
[0.32617514 0.25852809]
[0.43473906 0.19743481]
[0.19036785 0.36833965]
[0.43473906 0.19743481]
[0.31193624 0.34418187]
[0.41470079 0.2705826 ]
[0.31225344 0.30046146]
[0.40541717 0.2262546 ]
[0.31225344 0.30046146]
[0.40541717 0.2262546 ]
[0.31225344 0.30046146]
[0.40541717 0.2262546 ]
[0.86717663 0.61173391]
[0.86717664 0.61173389]
[0.86717663 0.6117339 ]
[0.86717663 0.61173391]
[0.79048289 0.65482948]
[0.68712099 0.49440692]
[0.68712099 0.49440692]
[0.68712099 0.49440692]
[0.68712099 0.49440692]
[0.68712099 0.49440692]
[0.68712099 0.49440692]
[0.68712099 0.49440692]
[0.68712099 0.49440692]
[0.68712099 0.49440692]
[0.68712099 0.49440692]
[0.68712099 0.49440692]
[0.68712099 0.49440692]
[0.68712099 0.49440692]
[0.79571245 0.72481581]
[0.78726251 0.70213458]
[0.78726287 0.70213404]
[0.78726603 0.70212932]
[0.68712099 0.49440692]
[0.68712099 0.49440692]
[0.68712099 0.49440692]
[0.68712099 0.49440692]
[0.68712099 0.49440692]
[0.68712099 0.49440692]
[0.68712099 0.49440692]
[0.68712099 0.49440692]
[0.68712099 0.49440692]
[0.7536695  0.43360072]
[0.74375016 0.74612882]
[0.55201504 0.37987749]
[0.39742057 0.55814355]
[0.55201504 0.37987749]
[0.39742057 0.55814355]
[0.55201504 0.37987749]
[0.39742057 0.55814355]
[0.55201504 0.37987749]
[0.39742057 0.55814355]
[0.55201504 0.37987749]
[0.39742057 0.55814355]
[0.55201504 0.37987749]
[0.39742057 0.55814355]
[0.55201504 0.37987749]
[0.39742057 0.55814355]
[0.55201504 0.37987749]
[0.45328902 0.54996892]
[0.66908793 0.37204883]
[0.68712099 0.49440692]
[0.66908793 0.37204883]
[0.68712099 0.49440692]
[0.66908793 0.37204883]
[0.68712099 0.49440692]
[0.66908793 0.37204883]
[0.68712099 0.49440692]
[0.66908793 0.37204883]
[0.68712099 0.49440692]
[0.66908793 0.37204883]
[0.68712099 0.49440692]
[0.66908793 0.37204883]
[0.68712099 0.49440692]
[0.66908793 0.37204883]
[0.62214443 0.49781192]
[0.55201504 0.37987749]
[0.39742057 0.55814355]
[0.55201504 0.37987749]
[0.39742057 0.55814355]
[0.55201504 0.37987749]
[0.39742057 0.55814355]
[0.55201504 0.37987749]
[0.39742057 0.55814355]
[0.55201504 0.37987749]
[0.39742057 0.55814355]
[0.55201504 0.37987749]
[0.39742057 0.55814355]
[0.55201504 0.37987749]
[0.39742057 0.55814355]
[0.55201504 0.37987749]
[0.5239055  0.29364576]
[0.60448891 0.26393697]
[0.60448891 0.26393697]
[0.60448891 0.26393697]
[0.60448891 0.26393697]
[0.60448891 0.26393697]
[0.60448891 0.26393697]
[0.60448891 0.26393697]
[0.73857645 0.45247525]
[0.85046287 0.65722403]
[0.47248694 0.81315076]
[0.47248594 0.81315091]
[0.47248594 0.81315091]
[0.41075071 0.79221753]
[0.48683263 0.40746612]
[0.48683263 0.40746612]
[0.48683263 0.40746612]
[0.39742057 0.55814355]
[0.4766375  0.57541622]
[0.4766375  0.57541622]
[0.4766375  0.57541622]
[0.4766375  0.57541622]
[0.4766375  0.57541622]
[0.4766375  0.57541622]
[0.4766375  0.57541622]
[0.4766375  0.57541622]
[0.4766375  0.57541622]
[0.4766375  0.57541622]
[0.4766375  0.57541622]
[0.4766375  0.57541622]
[0.4766375  0.57541622]
[0.4766375  0.57541622]
[0.7454257  0.46062435]
[0.75200741 0.60349995]
[0.48683263 0.40746612]
[0.48683263 0.40746612]
[0.48683263 0.40746612]
[0.48683263 0.40746612]
[0.48683263 0.40746612]
[0.48683263 0.40746612]
[0.48683263 0.40746612]
[0.39742057 0.55814355]
[0.4766375  0.57541622]
[0.4766375  0.57541622]
[0.4766375  0.57541622]
[0.4766375  0.57541622]
[0.4766375  0.57541622]
[0.4766375  0.57541622]
[0.4766375  0.57541622]
[0.4766375  0.57541622]
[0.4766375  0.57541622]
[0.4766375  0.57541622]
[0.4766375  0.57541622]
[0.4766375  0.57541622]
[0.55201504 0.37987749]
[0.39742057 0.55814355]
[0.55201504 0.37987749]
[0.39742057 0.55814355]
[0.55201504 0.37987749]
[0.39742057 0.55814355]
[0.55201504 0.37987749]
[0.5239055  0.29364576]
[0.60448891 0.26393697]
[0.60448891 0.26393697]
[0.60448891 0.26393697]
[0.60448891 0.26393697]
[0.60448891 0.26393697]
[0.60448891 0.26393697]
[0.60448891 0.26393697]
[0.89160315 0.56549457]
[0.60448891 0.26393697]
[0.60448891 0.26393697]
[0.60448891 0.26393697]
[0.60448891 0.26393697]
[0.60448891 0.26393697]
[0.89160275 0.56549606]
[0.77499089 0.73509351]
[0.48683263 0.40746612]
[0.48683263 0.40746612]
[0.48683263 0.40746612]
[0.48683263 0.40746612]
[0.48683263 0.40746612]
[0.48683263 0.40746612]
[0.48683263 0.40746612]
[0.48683263 0.40746612]
[0.48683263 0.40746612]
[0.48683263 0.40746612]
[0.48683263 0.40746612]
[0.48683263 0.40746612]
[0.48683263 0.40746612]
[0.75093858 0.73887634]
[0.27367271 0.61324493]
[0.27367271 0.61324493]
[0.27367271 0.61324493]
[0.27367271 0.61324493]
[0.27367271 0.61324493]
[0.27367271 0.61324493]
[0.27367271 0.61324493]
[0.27367271 0.61324493]
[0.24748996 0.32195349]
[0.24766055 0.37678119]
[0.24748996 0.32195349]
[0.24766055 0.37678119]
[0.24748996 0.32195349]
[0.24766055 0.37678119]
[0.24748996 0.32195349]
[0.24766055 0.37678119]
[0.24965488 0.47532812]
[0.24965488 0.47532812]
[0.24965488 0.47532812]
[0.24965488 0.47532812]
[0.24965488 0.47532812]
[0.24965488 0.47532812]
[0.24965488 0.47532812]
[0.24965488 0.47532812]
[0.24611302 0.36915604]
[0.24611302 0.36915604]
[0.24611302 0.36915604]
[0.24611302 0.36915604]
[0.24611302 0.36915604]
[0.24611302 0.36915604]
[0.24611302 0.36915604]
[0.24611302 0.36915604]
[0.21862163 0.21175812]
[0.21862163 0.21175812]
[0.21862163 0.21175812]
[0.21862163 0.21175812]
[0.21862163 0.21175812]
[0.21862163 0.21175812]
[0.21862163 0.21175812]
[0.21862163 0.21175812]
[0.24379548 0.35154018]
[0.21880922 0.34687459]
[0.24379548 0.35154018]
[0.21880922 0.34687459]
[0.24379548 0.35154018]
[0.21880922 0.34687459]
[0.24379548 0.35154018]
[0.21880922 0.34687459]
[0.27367271 0.61324493]
[0.27367271 0.61324493]
[0.27367271 0.61324493]
[0.27367271 0.61324493]
[0.7213478  0.18992879]
[0.7213478  0.18992879]
[0.7213478  0.18992879]
[0.7213478  0.18992879]
[0.52106807 0.21043232]
[0.56411642 0.09902292]
[0.58786673 0.08134555]
[0.56411642 0.09902292]
[0.58786673 0.08134555]
[0.56411642 0.09902292]
[0.58786673 0.08134555]
[0.56411642 0.09902292]
[0.71165927 0.17583549]
[0.71165927 0.17583549]
[0.71165927 0.17583549]
[0.71165927 0.17583549]
[0.21880922 0.34687459]
[0.21880922 0.34687459]
[0.21880922 0.34687459]
[0.21880922 0.34687459]
[0.23970496 0.33698743]
[0.23970496 0.33698743]
[0.23970496 0.33698743]
[0.23970496 0.33698743]
[0.23970496 0.33698743]
[0.23970496 0.33698743]
[0.23970496 0.33698743]
[0.23970496 0.33698743]
[0.29594653 0.56963358]
[0.26359146 0.59404027]
[0.29594653 0.56963358]
[0.26359146 0.59404027]
[0.24965488 0.47532812]
[0.27158562 0.43568969]
[0.24965488 0.47532812]
[0.27158562 0.43568969]
[0.24965488 0.47532812]
[0.27158562 0.43568969]
[0.24965488 0.47532812]
[0.27158562 0.43568969]
[0.21880922 0.34687459]
[0.21880922 0.34687459]
[0.21880922 0.34687459]
[0.21880922 0.34687459]
[0.27367271 0.61324493]
[0.27367271 0.61324493]
[0.27367271 0.61324493]
[0.27367271 0.61324493]
[0.27367271 0.61324493]
[0.27367271 0.61324493]
[0.27367271 0.61324493]
[0.27367271 0.61324493]
[0.27367271 0.61324493]
[0.27367271 0.61324493]
[0.27367271 0.61324493]
[0.27367271 0.61324493]
[0.23970496 0.33698743]
[0.23970496 0.33698743]
[0.23970496 0.33698743]
[0.23970496 0.33698743]
[0.23970496 0.33698743]
[0.23970496 0.33698743]
[0.23970496 0.33698743]
[0.23970496 0.33698743]
[0.24789114 0.47219606]
[0.27141672 0.43467626]
[0.24789114 0.47219606]
[0.27141672 0.43467626]
[0.24789114 0.47219606]
[0.27141672 0.43467626]
[0.24789114 0.47219606]
[0.27141672 0.43467626]
[0.58736186 0.24694284]
[0.21880922 0.34687459]
[0.21880922 0.34687459]
[0.24960334 0.25304137]
[0.21880922 0.34687459]
[0.21880922 0.34687459]
[0.71200602 0.17691442]
[0.55451701 0.13738943]
[0.6031983 0.       ]
[0.62081935 0.01967025]
[0.59959227 0.00082203]
[0.18578164 0.10134925]
[0.06453256 0.3253775 ]
[0.06453273 0.32537701]
[0.0645356  0.32536866]
[0.21418449 0.11209499]
[0.27020921 0.49402669]
[0.23390428 0.18239872]
[0.27020921 0.49402669]
[0.23390428 0.18239872]
[0.27020921 0.49402669]
[0.23390428 0.18239872]
[0.27020921 0.49402669]
[0.23510781 0.18241903]
[0.29959765 0.57751784]
[0.29863642 0.48184032]
[0.29959765 0.57751784]
[0.29863642 0.48184032]
[0.29959765 0.57751784]
[0.29863642 0.48184032]
[0.26182665 0.52912366]
[0.26182665 0.52912366]
[0.26182665 0.52912366]
[0.26182665 0.52912366]
[0.26182665 0.52912366]
[0.26182665 0.52912366]
[0.26182665 0.52912366]
[0.16294031 0.48423197]
[0.26182665 0.52912366]
[0.26182665 0.52912366]
[0.26182665 0.52912366]
[0.26182665 0.52912366]
[0.26182665 0.52912366]
[0.26182665 0.52912366]
[0.26182665 0.52912366]
[0.1574665  0.42776734]
[0.26182665 0.52912366]
[0.26182665 0.52912366]
[0.26182665 0.52912366]
[0.26182665 0.52912366]
[0.26182665 0.52912366]
[0.26182665 0.52912366]
[0.25278807 0.48474132]
[0.1574665  0.42776734]
[0.26182665 0.52912366]
[0.26182665 0.52912366]
[0.26182665 0.52912366]
[0.26182665 0.52912366]
[0.26182665 0.52912366]
[0.26182665 0.52912366]
[0.26182665 0.52912366]
[0.1574665  0.42776734]
[0.26182665 0.52912366]
[0.26182665 0.52912366]
[0.26182665 0.52912366]
[0.26182665 0.52912366]
[0.26182665 0.52912366]
[0.26182665 0.52912366]
[0.26182665 0.52912366]
[0.1574665  0.42776734]
[0.26182665 0.52912366]
[0.26182665 0.52912366]
[0.26182665 0.52912366]
[0.26182665 0.52912366]
[0.26182665 0.52912366]
[0.26182665 0.52912366]
[0.26182665 0.52912366]
[0.1574665  0.42776734]
[0.26182665 0.52912366]
[0.26182665 0.52912366]
[0.26182665 0.52912366]
[0.26182665 0.52912366]
[0.26182665 0.52912366]
[0.26182665 0.52912366]
[0.26573196 0.49949865]
[0.1574665  0.42776734]
[0.26182665 0.52912366]
[0.26182665 0.52912366]
[0.26182665 0.52912366]
[0.26182665 0.52912366]
[0.26182665 0.52912366]
[0.26182665 0.52912366]
[0.26182665 0.52912366]
[0.1574665  0.42776734]
[0.26182665 0.52912366]
[0.26182665 0.52912366]
[0.26182665 0.52912366]
[0.26182665 0.52912366]
[0.26182665 0.52912366]
[0.26182665 0.52912366]
[0.26182665 0.52912366]
[0.1574665  0.42776734]
[0.25278807 0.48474132]
[0.18943883 0.45285227]
[0.25278807 0.48474132]
[0.18943883 0.45285227]
[0.25278807 0.48474132]
[0.18943883 0.45285227]
[0.25278807 0.48474132]
[0.14691869 0.43076127]
[0.26182665 0.52912366]
[0.26182665 0.52912366]
[0.26182665 0.52912366]
[0.26182665 0.52912366]
[0.26182665 0.52912366]
[0.26182665 0.52912366]
[0.26182665 0.52912366]
[0.1574665  0.42776734]
[0.11169134 0.41931928]
[0.11169134 0.41931928]
[0.11169134 0.41931928]
[0.1119325  0.39135015]
[0.11169134 0.41931928]
[0.1119325  0.39135015]
[0.11169134 0.41931928]
[0.1119325  0.39135015]
[0.26182665 0.52912366]
[0.26182665 0.52912366]
[0.26182665 0.52912366]
[0.26182665 0.52912366]
[0.26182665 0.52912366]
[0.26182665 0.52912366]
[0.26182665 0.52912366]
[0.26182665 0.52912366]
[0.26182665 0.52912366]
[0.26182665 0.52912366]
[0.26182665 0.52912366]
[0.16294031 0.48423197]
[0.26182665 0.52912366]
[0.26182665 0.52912366]
[0.26182665 0.52912366]
[0.26182665 0.52912366]
[0.22615429 0.47832855]
[0.20126877 0.47829257]
[0.22615429 0.47832855]
[0.14691869 0.43076127]
[0.26182665 0.52912366]
[0.26182665 0.52912366]
[0.26182665 0.52912366]
[0.26182665 0.52912366]
[0.26182665 0.52912366]
[0.26182665 0.52912366]
[0.26182665 0.52912366]
[0.26182665 0.52912366]
[0.26182665 0.52912366]
[0.13986438 0.74092855]
[0.14022738 0.74127858]
[0.06829977 0.64034568]
[0.26182665 0.52912366]
[0.26182665 0.52912366]
[0.26182665 0.52912366]
[0.16294031 0.48423197]
[0.16294031 0.48423197]
[0.16294031 0.48423197]
[0.26182665 0.52912366]
[0.25278807 0.48474132]
[0.26182665 0.52912366]
[0.26182665 0.52912366]
[0.14004902 0.74110671]
[0.06837959 0.64049723]
[0.14020083 0.74125301]
[0.14014392 0.74119818]
[0.14022142 0.74127284]
[0.10473961 0.55643051]
[0.26182665 0.52912366]
[0.26182665 0.52912366]
[0.25278807 0.48474132]
[0.25278807 0.48474132]
[0.26182665 0.52912366]
[0.26182665 0.52912366]
[0.26182665 0.52912366]
[0.16294031 0.48423197]
[0.26182665 0.52912366]
[0.26182665 0.52912366]
[0.26182665 0.52912366]
[0.16294031 0.48423197]
[0.58248021 0.50760108]
[0.58248021 0.50760108]
[0.58248021 0.50760108]
[0.58248021 0.50760108]
[0.58248021 0.50760108]
[0.58248021 0.50760108]
[0.58248021 0.50760108]
[0.58248021 0.50760108]
[0.57366859 0.50660139]
[0.57366859 0.50660139]
[0.57366859 0.50660139]
[0.57366859 0.50660139]
[0.57366859 0.50660139]
[0.57366859 0.50660139]
[0.57366859 0.50660139]
[0.57366859 0.50660139]
[0.62649592 0.91410018]
[0.62655022 0.91407849]
[0.62649592 0.91410018]
[0.62649594 0.91410017]
[0.60336843 0.82239806]
[0.6033684  0.82239808]
[0.60336842 0.82239807]
[0.60336842 0.82239807]
[0.58106462 0.5491223 ]
[0.5600437  0.47518965]
[0.58106462 0.5491223 ]
[0.5600437  0.47518965]
[0.58106462 0.5491223 ]
[0.5600437  0.47518965]
[0.56922533 0.54123523]
[0.49660797 0.54149911]
[0.58053253 0.54538334]
[0.55877773 0.47701466]
[0.58053253 0.54538334]
[0.56017032 0.44947935]
[0.58053253 0.54538334]
[0.55877773 0.47701466]
[0.58053253 0.54538334]
[0.56017032 0.44947935]
[0.58106462 0.5491223 ]
[0.5600437  0.47518965]
[0.58106462 0.5491223 ]
[0.5600437  0.47518965]
[0.58106462 0.5491223 ]
[0.5600437  0.47518965]
[0.58106462 0.5491223 ]
[0.5600437  0.47518965]
[0.58106462 0.5491223 ]
[0.5600437  0.47518965]
[0.58106462 0.5491223 ]
[0.5600437  0.47518965]
[0.58106462 0.5491223 ]
[0.5600437  0.47518965]
[0.58106462 0.5491223 ]
[0.5600437  0.47518965]
[0.58053253 0.54538334]
[0.55877773 0.47701466]
[0.58053253 0.54538334]
[0.55877773 0.47701466]
[0.58053253 0.54538334]
[0.55877773 0.47701466]
[0.58053253 0.54538334]
[0.56017032 0.44947935]
[0.58106462 0.5491223 ]
[0.5600437  0.47518965]
[0.58106462 0.5491223 ]
[0.5600437  0.47518965]
[0.58106462 0.5491223 ]
[0.5600437  0.47518965]
[0.58106462 0.5491223 ]
[0.5600437  0.47518965]
[0.58106462 0.5491223 ]
[0.5600437  0.47518965]
[0.58106462 0.5491223 ]
[0.5600437  0.47518965]
[0.58106462 0.5491223 ]
[0.5600437  0.47518965]
[0.58106462 0.5491223 ]
[0.56719069 0.54045638]
[0.58106462 0.5491223 ]
[0.55440254 0.42885162]
[0.58106462 0.5491223 ]
[0.55440254 0.42885162]
[0.58106462 0.5491223 ]
[0.55440254 0.42885162]
[0.58106462 0.5491223 ]
[0.55440254 0.42885162]
[0.58106462 0.5491223 ]
[0.55440254 0.42885162]
[0.58106462 0.5491223 ]
[0.55096086 0.4269561 ]
[0.58106462 0.5491223 ]
[0.55096086 0.4269561 ]
[0.58106462 0.5491223 ]
[0.55096086 0.4269561 ]
[0.58106462 0.5491223 ]
[0.55096086 0.4269561 ]
[0.58106462 0.5491223 ]
[0.55096086 0.4269561 ]
[0.58106462 0.5491223 ]
[0.55096086 0.4269561 ]
[0.58106462 0.5491223 ]
[0.55096086 0.4269561 ]
[0.58106462 0.5491223 ]
[0.55096086 0.4269561 ]
[0.58106462 0.5491223 ]
[0.55096086 0.4269561 ]
[0.58106462 0.5491223 ]
[0.58106462 0.5491223 ]
[0.58106462 0.5491223 ]
[0.5600437  0.47518965]
[0.58106462 0.5491223 ]
[0.58106462 0.5491223 ]
[0.58106462 0.5491223 ]
[0.49660797 0.54149911]
[0.55230215 0.44286649]
[0.57223547 0.47500779]
[0.55230215 0.44286649]
[0.57223547 0.47500779]
[0.55230215 0.44286649]
[0.57223547 0.47500779]
[0.55230215 0.44286649]
[0.57223547 0.47500779]
[0.56911454 0.44381873]
[0.57285305 0.47407285]
[0.55286712 0.44183584]
[0.57285305 0.47407285]
[0.56911454 0.44381873]
[0.57285305 0.47407285]
[0.55286712 0.44183584]
[0.57285305 0.47407285]
[0.58106462 0.5491223 ]
[0.56922533 0.54123523]
[0.58106462 0.5491223 ]
[0.56922533 0.54123523]
[0.58106462 0.5491223 ]
[0.56922533 0.54123523]
[0.58106462 0.5491223 ]
[0.56922533 0.54123523]
[0.58106462 0.5491223 ]
[0.58106462 0.5491223 ]
[0.58106462 0.5491223 ]
[0.58106462 0.5491223 ]
[0.58106462 0.5491223 ]
[0.58106462 0.5491223 ]
[0.58106462 0.5491223 ]
[0.56922533 0.54123523]
[0.5687667  0.49101714]
[0.57304788 0.52129748]
[0.59280141 0.50081149]
[0.57304788 0.52129748]
[0.5687667  0.49101714]
[0.57304788 0.52129748]
[0.59280141 0.50081149]
[0.57304788 0.52129748]
[0.59477394 0.64679413]
[0.61850957 0.6535575 ]
[0.59477394 0.64679413]
[0.61850957 0.6535575 ]
[0.59477394 0.64679413]
[0.61850957 0.6535575 ]
[0.59477394 0.64679413]
[0.61850957 0.6535575 ]
[0.60797315 0.76522144]
[0.66753938 0.75536574]
[0.60798201 0.76521624]
[0.66753926 0.75536585]
[0.60797359 0.76522118]
[0.66753927 0.75536584]
[0.60797347 0.76522125]
[0.66818579 0.75479964]
[0.57199732 0.49009743]
[0.56853248 0.36609296]
[0.57199732 0.49009743]
[0.56853248 0.36609296]
[0.57199732 0.49009743]
[0.56853248 0.36609296]
[0.57199732 0.49009743]
[0.56853248 0.36609296]
[0.57199732 0.49009743]
[0.56853248 0.36609296]
[0.5815281  0.49085775]
[0.55279562 0.36129995]
[0.5815281  0.49085775]
[0.55279562 0.36129995]
[0.5815281  0.49085775]
[0.55575726 0.3546519 ]
[0.58106462 0.5491223 ]
[0.5600437  0.47518965]
[0.58106462 0.5491223 ]
[0.5600437  0.47518965]
[0.58106462 0.5491223 ]
[0.5600437  0.47518965]
[0.58106462 0.5491223 ]
[0.5600437  0.47518965]
[0.57199732 0.49009743]
[0.57119292 0.35683884]
[0.57199732 0.49009743]
[0.57119292 0.35683884]
[0.57199732 0.49009743]
[0.57119292 0.35683884]
[0.57199732 0.49009743]
[0.57119292 0.35683884]
[0.60799294 0.76520982]
[0.63540298 0.79091757]
[0.6080034  0.76520368]
[0.63540306 0.79091752]
[0.60797362 0.76522116]
[0.635403   0.79091756]
[0.60798639 0.76521366]
[0.65936635 0.61042944]
[0.73350263 0.4814173 ]
[0.40080054 0.27103476]
[0.78566278 0.59194745]
[0.51804889 0.35290738]
[0.51105774 0.32780678]
[0.4898623 0.0793665]
[0.4601124  0.33850341]
[0.32943489 0.63849812]
[0.7973911  0.22984382]
[0.62528252 0.43908301]
[0.55980707 0.28495028]
[0.38785788 0.66010453]
[0.36376684 0.72365984]
[0.25929852 0.2015946 ]
[0.56692008 0.32066321]
[0.54046308 0.34659819]
[0.53370275 0.2291568 ]
[0.39169022 0.26143004]
[0.56881113 0.30424232]
[0.65690267 0.3293724 ]
[0.25894252 0.59568154]
[0.52233185 0.62233092]
[0.52787338 0.48341537]
[0.26904606 0.5978635 ]
[0.19646467 0.38814098]
[0.38896722 0.60012335]
[0.51426502 0.64282963]
[0.53197621 0.63086826]
[0.81772145 0.62791919]
[0.29482773 0.56561137]
[0.29246852 0.53146848]
[0.72778303 0.42588525]
[0.26359146 0.59404027]
[0.46290686 0.62649535]
[0.46053717 0.54850441]
[0.26904606 0.5978635 ]
[0.40464673 0.60556987]
[0.40840144 0.42311174]
[0.66294451 0.39511573]
[0.27214176 0.60444587]
[0.29527972 0.56082873]
[0.27584822 0.59238237]
[0.43299885 0.60060804]
[0.41468854 0.49916833]
[0.41379729 0.49748633]
[0.26132004 0.77789552]
[0.44755359 0.52879882]
[0.28652696 0.61513132]
[0.31882395 0.60626109]
[0.13408201 0.20168787]
[0.13420877 0.20152956]
[0.54758944 0.70915109]
[0.5797123 0.6883539]
[0.59823736 0.71482231]
[0.61160901 0.71781273]
[0.55789291 0.66856691]
[0.60816315 0.72678537]
[0.50702488 0.70500741]
[0.49842023 0.63912057]
[0.35825788 0.54332893]
[0.35825788 0.54332893]
[0.18282579 0.38719065]
[0.18282579 0.38719065]
[0.7180263  0.58752855]
[0.7180263  0.58752855]
[0.55457189 0.64941092]
[0.55457189 0.64941092]
[0.61963013 0.69051996]
[0.59774211 0.66312584]
[0.59629647 0.65116339]
[0.59629647 0.65116339]
[0.64128368 0.60671156]
[0.64128368 0.60671156]
[0.59115321 0.37737046]
[0.62406646 0.68386889]
[0.60129247 0.68642303]
[0.60129247 0.68642303]
[0.50444609 0.65022716]
[0.58068598 0.62548779]
[0.8059099  0.54367898]
[0.8059099  0.54367898]
[0.59344808 0.67411282]
[0.59381403 0.68075863]
[0.58765319 0.63749302]
[0.58765319 0.63749302]
[0.63582357 0.75793267]
[0.63582136 0.75793427]
[0.26904606 0.5978635 ]
[0.26904606 0.5978635 ]
[0.40258923 0.64549249]
[0.40113765 0.64782469]
[0.71347487 0.56412446]
[0.65872032 0.50577226]
[0.54276642 0.26601073]
[0.50878835 0.14013302]
[0.50792398 0.10104679]
[0.50792398 0.10104679]
[0.68925087 0.28132089]
[0.68925087 0.28132089]
[0.25283502 0.6048893 ]
[0.25283502 0.6048893 ]
[0.33887101 0.45593527]
[0.34332076 0.49683417]
[0.27972684 0.43976448]
[0.27972684 0.43976448]
